8888880000000000000000000000000000000800000000000
8888888888888888888888888888888888888888888888888
0000000000000000800000000000000000000000000000000
0000000000000000800000000000000000000000000000000
0000000000000000800000000000000000000000000000000
0000000000000000800000000000000000000000000000000
0000000000000000800000000000000000000000000000000
0000000000000000800000000000000000000000000000000
0000000000000000800000000000000000000000000000000
0000000000000000800000000000000000000000000000000
0000000000000000800000000000000000000000000000000
0000000000000000800000000000000000000000000000000
0000000000000000800000000000000000000000000000000
0000000000000000800000000000000000000000000000000
0000000000000000800000000000000000000000000000000
0000000000000000800000000000000000000000000000000
0000000000000000800000000000000000000000000000000
0000000000000000800000000000000000000000000000000
