333333333000033333333333333333333333333433444444444
330000330000003333333333333300003330033333344444444
300000000000000003333333000000000000000004334444444
300000000000000003333330000000000000000000333444444
300000000000000033333333000000000000000000433334444
300000030000000333333333330000300000333333333433344
333000333333333333333333333333333333333333333334333
333333333333333333333333333333333333333333333333333
333333333333333333333333333333333333333333333333333
333333333333333333333333333333333333333333333333333
333333333333333333333333333333333333333333333333333
333333333333333333333333333333333333333333333333333
333333333333333333333333333333333333333333333333333
333333333333333333333333333333333333333333333333333
333333333333333333333333333333333333333333333333333
333333333333333333333333333333333333333333333333333
333333333333333333333333333333333333333333333333333
333333333333333333333333333333333333333333333333333
333333333333333333333333333333333333333333333333333
