555555555555555555555555555555555555555555555555555
555555555555555555555555555555555555555555555555555
555555555555555555555555555555555555555555555555555
555555555555555555555555555555555555555555555555555
555555555555555555555555555555555555555555555555555
555555555555555555555555555555555555555555555555555
55555555fffff5fff5ffff5fffff55555555555555555555555
5555555555f555f555f555555f5555555555555555555555555
5555555555f555ff55ffff555f5555555555555555555555555
5555555555f555f555555f555f5555555555555555555555555
5555555555f555fff5ffff555f5555555555555555555555555
555555555555555555555555555555555555555555555555555
555555555555555555555555555555555555555555555555555
555555555555555555555555555555555555555555555555555
555555555555555555555555555555555555555555555555555
555555555555555555555555555555555555555555555555555
555555555555555555555555555555555555555555555555555
555555555555555555555555555555555555555555555555555
555555555555555555555555555555555555555555555555555
